1
5,0,0;0,5,0;0,0,1;
1.0,0.0,0.0,2.0;0.0,1.0,0.0,0.0;0.0,0.0,1.0,0.0;0.0,0.0,0.0,1.0;
2
5,0,0;0,5,0;0,0,1;
0.99756405026,0.0,0.0697564737441,2.0;0.0,1.0,0.0,0.0;-0.0697564737441,0.0,0.99756405026,0.0;0.0,0.0,0.0,1.0;
3
5,0,0;0,5,0;0,0,1;
0.990268068742,0.0,0.13917310096,2.0;0.0,1.0,0.0,0.0;-0.13917310096,0.0,0.990268068742,0.0;0.0,0.0,0.0,1.0;
4
5,0,0;0,5,0;0,0,1;
0.978147600734,0.0,0.207911690818,2.0;0.0,1.0,0.0,0.0;-0.207911690818,0.0,0.978147600734,0.0;0.0,0.0,0.0,1.0;
5
5,0,0;0,5,0;0,0,1;
0.961261695938,0.0,0.275637355817,2.0;0.0,1.0,0.0,0.0;-0.275637355817,0.0,0.961261695938,0.0;0.0,0.0,0.0,1.0;

5,0,0;0,5,0;0,0,1;
0.939692620786,0.0,0.342020143326,2.0;0.0,1.0,0.0,0.0;-0.342020143326,0.0,0.939692620786,0.0;0.0,0.0,0.0,1.0;
7
5,0,0;0,5,0;0,0,1;
0.939692620786,0.0,0.342020143326,2.0;0.0,1.0,0.0,0.0;-0.342020143326,0.0,0.939692620786,0.0;0.0,0.0,0.0,1.0;
8
5,0,0;0,5,0;0,0,1;
0.925416578398,-0.173648177667,0.336824088833,2.0;0.163175911167,0.984807753012,0.0593911746139,0.0;-0.342020143326,0.0,0.939692620786,0.0;0.0,0.0,0.0,1.0;
9
5,0,0;0,5,0;0,0,1;
0.883022221559,-0.342020143326,0.321393804843,2.0;0.321393804843,0.939692620786,0.116977778441,0.0;-0.342020143326,0.0,0.939692620786,0.0;0.0,0.0,0.0,1.0;
10
5,0,0;0,5,0;0,0,1;
0.813797681349,-0.5,0.296198132726,2.0;0.469846310393,0.866025403784,0.171010071663,0.0;-0.342020143326,0.0,0.939692620786,0.0;0.0,0.0,0.0,1.0;
11
5,0,0;0,5,0;0,0,1;
0.719846310393,-0.642787609687,0.262002630229,2.0;0.604022773555,0.766044443119,0.219846310393,0.0;-0.342020143326,0.0,0.939692620786,0.0;0.0,0.0,0.0,1.0;
12
5,0,0;0,5,0;0,0,1;
0.604022773555,-0.766044443119,0.219846310393,2.0;0.719846310393,0.642787609687,0.262002630229,0.0;-0.342020143326,0.0,0.939692620786,0.0;0.0,0.0,0.0,1.0;
13
5,0,0;0,5,0;0,0,1;
0.469846310393,-0.866025403784,0.171010071663,2.0;0.813797681349,0.5,0.296198132726,0.0;-0.342020143326,0.0,0.939692620786,0.0;0.0,0.0,0.0,1.0;
14
5,0,0;0,5,0;0,0,1;
0.469846310393,-0.866025403784,0.171010071663,2.0;0.813797681349,0.5,0.296198132726,0.0;-0.342020143326,0.0,0.939692620786,0.0;0.0,0.0,0.0,1.0;
15
5,0,0;0,5,0;0,0,1;
0.604022773555,-0.766044443119,0.219846310393,2.0;0.719846310393,0.642787609687,0.262002630229,0.0;-0.342020143326,0.0,0.939692620786,0.0;0.0,0.0,0.0,1.0;
16
5,0,0;0,5,0;0,0,1;
0.719846310393,-0.642787609687,0.262002630229,2.0;0.604022773555,0.766044443119,0.219846310393,0.0;-0.342020143326,0.0,0.939692620786,0.0;0.0,0.0,0.0,1.0;
17
5,0,0;0,5,0;0,0,1;
0.813797681349,-0.5,0.296198132726,2.0;0.469846310393,0.866025403784,0.171010071663,0.0;-0.342020143326,0.0,0.939692620786,0.0;0.0,0.0,0.0,1.0;
18
5,0,0;0,5,0;0,0,1;
0.883022221559,-0.342020143326,0.321393804843,2.0;0.321393804843,0.939692620786,0.116977778441,0.0;-0.342020143326,0.0,0.939692620786,0.0;0.0,0.0,0.0,1.0;
19
5,0,0;0,5,0;0,0,1;
0.925416578398,-0.173648177667,0.336824088833,2.0;0.163175911167,0.984807753012,0.0593911746139,0.0;-0.342020143326,0.0,0.939692620786,0.0;0.0,0.0,0.0,1.0;
20
5,0,0;0,5,0;0,0,1;
0.939692620786,0.0,0.342020143326,2.0;0.0,1.0,0.0,0.0;-0.342020143326,0.0,0.939692620786,0.0;0.0,0.0,0.0,1.0;
21
5,0,0;0,5,0;0,0,1;
0.925416578398,0.173648177667,0.336824088833,2.0;-0.163175911167,0.984807753012,-0.0593911746139,0.0;-0.342020143326,0.0,0.939692620786,0.0;0.0,0.0,0.0,1.0;
22
5,0,0;0,5,0;0,0,1;
0.883022221559,0.342020143326,0.321393804843,2.0;-0.321393804843,0.939692620786,-0.116977778441,0.0;-0.342020143326,0.0,0.939692620786,0.0;0.0,0.0,0.0,1.0;
23
5,0,0;0,5,0;0,0,1;
0.813797681349,0.5,0.296198132726,2.0;-0.469846310393,0.866025403784,-0.171010071663,0.0;-0.342020143326,0.0,0.939692620786,0.0;0.0,0.0,0.0,1.0;
24
5,0,0;0,5,0;0,0,1;
0.719846310393,0.642787609687,0.262002630229,2.0;-0.604022773555,0.766044443119,-0.219846310393,0.0;-0.342020143326,0.0,0.939692620786,0.0;0.0,0.0,0.0,1.0;
25
5,0,0;0,5,0;0,0,1;
0.604022773555,0.766044443119,0.219846310393,2.0;-0.719846310393,0.642787609687,-0.262002630229,0.0;-0.342020143326,0.0,0.939692620786,0.0;0.0,0.0,0.0,1.0;
26
5,0,0;0,5,0;0,0,1;
0.469846310393,0.866025403784,0.171010071663,2.0;-0.813797681349,0.5,-0.296198132726,0.0;-0.342020143326,0.0,0.939692620786,0.0;0.0,0.0,0.0,1.0;
27
5,0,0;0,5,0;0,0,1;
0.469846310393,0.866025403784,0.171010071663,2.0;-0.813797681349,0.5,-0.296198132726,0.0;-0.342020143326,0.0,0.939692620786,0.0;0.0,0.0,0.0,1.0;
28
5,0,0;0,5,0;0,0,1;
0.604022773555,0.766044443119,0.219846310393,2.0;-0.719846310393,0.642787609687,-0.262002630229,0.0;-0.342020143326,0.0,0.939692620786,0.0;0.0,0.0,0.0,1.0;
29
5,0,0;0,5,0;0,0,1;
0.719846310393,0.642787609687,0.262002630229,2.0;-0.604022773555,0.766044443119,-0.219846310393,0.0;-0.342020143326,0.0,0.939692620786,0.0;0.0,0.0,0.0,1.0;
30
5,0,0;0,5,0;0,0,1;
0.813797681349,0.5,0.296198132726,2.0;-0.469846310393,0.866025403784,-0.171010071663,0.0;-0.342020143326,0.0,0.939692620786,0.0;0.0,0.0,0.0,1.0;
31
5,0,0;0,5,0;0,0,1;
0.883022221559,0.342020143326,0.321393804843,2.0;-0.321393804843,0.939692620786,-0.116977778441,0.0;-0.342020143326,0.0,0.939692620786,0.0;0.0,0.0,0.0,1.0;
32
5,0,0;0,5,0;0,0,1;
0.925416578398,0.173648177667,0.336824088833,2.0;-0.163175911167,0.984807753012,-0.0593911746139,0.0;-0.342020143326,0.0,0.939692620786,0.0;0.0,0.0,0.0,1.0;
33
5,0,0;0,5,0;0,0,1;
0.939692620786,0.0,0.342020143326,2.0;0.0,1.0,0.0,0.0;-0.342020143326,0.0,0.939692620786,0.0;0.0,0.0,0.0,1.0;
34
5,0,0;0,5,0;0,0,1;
0.939692620786,0.0,0.342020143326,2.0;0.0,1.0,0.0,0.0;-0.342020143326,0.0,0.939692620786,0.0;0.0,0.0,0.0,1.0;
35
5,0,0;0,5,0;0,0,1;
0.961261695938,0.0,0.275637355817,2.0;0.0,1.0,0.0,0.0;-0.275637355817,0.0,0.961261695938,0.0;0.0,0.0,0.0,1.0;
36
5,0,0;0,5,0;0,0,1;
0.978147600734,0.0,0.207911690818,2.0;0.0,1.0,0.0,0.0;-0.207911690818,0.0,0.978147600734,0.0;0.0,0.0,0.0,1.0;
37
5,0,0;0,5,0;0,0,1;
0.990268068742,0.0,0.13917310096,2.0;0.0,1.0,0.0,0.0;-0.13917310096,0.0,0.990268068742,0.0;0.0,0.0,0.0,1.0;
38
5,0,0;0,5,0;0,0,1;
0.99756405026,0.0,0.0697564737441,2.0;0.0,1.0,0.0,0.0;-0.0697564737441,0.0,0.99756405026,0.0;0.0,0.0,0.0,1.0;
39
5,0,0;0,5,0;0,0,1;
1.0,0.0,0.0,2.0;0.0,1.0,0.0,0.0;0.0,0.0,1.0,0.0;0.0,0.0,0.0,1.0;
40
5,0,0;0,5,0;0,0,1;
0.939692620786,0.0,0.342020143326,2.0;0.0,1.0,0.0,0.0;-0.342020143326,0.0,0.939692620786,0.0;0.0,0.0,0.0,1.0;
41
5,0,0;0,5,0;0,0,1;
0.925416578398,-0.173648177667,0.336824088833,2.0;0.163175911167,0.984807753012,0.0593911746139,0.0;-0.342020143326,0.0,0.939692620786,0.0;0.0,0.0,0.0,1.0;
42
5,0,0;0,5,0;0,0,1;
0.883022221559,-0.342020143326,0.321393804843,2.0;0.321393804843,0.939692620786,0.116977778441,0.0;-0.342020143326,0.0,0.939692620786,0.0;0.0,0.0,0.0,1.0;
43
5,0,0;0,5,0;0,0,1;
0.813797681349,-0.5,0.296198132726,2.0;0.469846310393,0.866025403784,0.171010071663,0.0;-0.342020143326,0.0,0.939692620786,0.0;0.0,0.0,0.0,1.0;
44
5,0,0;0,5,0;0,0,1;
0.719846310393,-0.642787609687,0.262002630229,2.0;0.604022773555,0.766044443119,0.219846310393,0.0;-0.342020143326,0.0,0.939692620786,0.0;0.0,0.0,0.0,1.0;
45
5,0,0;0,5,0;0,0,1;
0.604022773555,-0.766044443119,0.219846310393,2.0;0.719846310393,0.642787609687,0.262002630229,0.0;-0.342020143326,0.0,0.939692620786,0.0;0.0,0.0,0.0,1.0;
46
5,0,0;0,5,0;0,0,1;
0.469846310393,-0.866025403784,0.171010071663,2.0;0.813797681349,0.5,0.296198132726,0.0;-0.342020143326,0.0,0.939692620786,0.0;0.0,0.0,0.0,1.0;
47
5,0,0;0,5,0;0,0,1;
0.321393804843,-0.939692620786,0.116977778441,2.0;0.883022221559,0.342020143326,0.321393804843,0.0;-0.342020143326,0.0,0.939692620786,0.0;0.0,0.0,0.0,1.0;
48
5,0,0;0,5,0;0,0,1;
0.163175911167,-0.984807753012,0.0593911746139,2.0;0.925416578398,0.173648177667,0.336824088833,0.0;-0.342020143326,0.0,0.939692620786,0.0;0.0,0.0,0.0,1.0;
49
5,0,0;0,5,0;0,0,1;
5.75395780114e-17,-1.0,2.09426936884e-17,2.0;0.939692620786,6.12323399574e-17,0.342020143326,0.0;-0.342020143326,0.0,0.939692620786,0.0;0.0,0.0,0.0,1.0;
50
5,0,0;0,5,0;0,0,1;
-0.163175911167,-0.984807753012,-0.0593911746139,2.0;0.925416578398,-0.173648177667,0.336824088833,0.0;-0.342020143326,0.0,0.939692620786,0.0;0.0,0.0,0.0,1.0;
51
5,0,0;0,5,0;0,0,1;
-0.321393804843,-0.939692620786,-0.116977778441,2.0;0.883022221559,-0.342020143326,0.321393804843,0.0;-0.342020143326,0.0,0.939692620786,0.0;0.0,0.0,0.0,1.0;
52
5,0,0;0,5,0;0,0,1;
-0.469846310393,-0.866025403784,-0.171010071663,2.0;0.813797681349,-0.5,0.296198132726,0.0;-0.342020143326,0.0,0.939692620786,0.0;0.0,0.0,0.0,1.0;
53
5,0,0;0,5,0;0,0,1;
-0.604022773555,-0.766044443119,-0.219846310393,2.0;0.719846310393,-0.642787609687,0.262002630229,0.0;-0.342020143326,0.0,0.939692620786,0.0;0.0,0.0,0.0,1.0;
54
5,0,0;0,5,0;0,0,1;
-0.719846310393,-0.642787609687,-0.262002630229,2.0;0.604022773555,-0.766044443119,0.219846310393,0.0;-0.342020143326,0.0,0.939692620786,0.0;0.0,0.0,0.0,1.0;
55
5,0,0;0,5,0;0,0,1;
-0.813797681349,-0.5,-0.296198132726,2.0;0.469846310393,-0.866025403784,0.171010071663,0.0;-0.342020143326,0.0,0.939692620786,0.0;0.0,0.0,0.0,1.0;
56
5,0,0;0,5,0;0,0,1;
-0.883022221559,-0.342020143326,-0.321393804843,2.0;0.321393804843,-0.939692620786,0.116977778441,0.0;-0.342020143326,0.0,0.939692620786,0.0;0.0,0.0,0.0,1.0;
57
5,0,0;0,5,0;0,0,1;
-0.925416578398,-0.173648177667,-0.336824088833,2.0;0.163175911167,-0.984807753012,0.0593911746139,0.0;-0.342020143326,0.0,0.939692620786,0.0;0.0,0.0,0.0,1.0;
58
5,0,0;0,5,0;0,0,1;
-0.939692620786,-1.22464679915e-16,-0.342020143326,2.0;1.15079156023e-16,-1.0,4.18853873768e-17,0.0;-0.342020143326,0.0,0.939692620786,0.0;0.0,0.0,0.0,1.0;
59
5,0,0;0,5,0;0,0,1;
-0.939692620786,-1.22464679915e-16,-0.342020143326,2.0;1.15079156023e-16,-1.0,4.18853873768e-17,0.0;-0.342020143326,0.0,0.939692620786,0.0;0.0,0.0,0.0,1.0;
60
5,0,0;0,5,0;0,0,1;
-0.925416578398,0.173648177667,-0.336824088833,2.0;-0.163175911167,-0.984807753012,-0.0593911746139,0.0;-0.342020143326,0.0,0.939692620786,0.0;0.0,0.0,0.0,1.0;
61
5,0,0;0,5,0;0,0,1;
-0.883022221559,0.342020143326,-0.321393804843,2.0;-0.321393804843,-0.939692620786,-0.116977778441,0.0;-0.342020143326,0.0,0.939692620786,0.0;0.0,0.0,0.0,1.0;
62
5,0,0;0,5,0;0,0,1;
-0.813797681349,0.5,-0.296198132726,2.0;-0.469846310393,-0.866025403784,-0.171010071663,0.0;-0.342020143326,0.0,0.939692620786,0.0;0.0,0.0,0.0,1.0;
63
5,0,0;0,5,0;0,0,1;
-0.719846310393,0.642787609687,-0.262002630229,2.0;-0.604022773555,-0.766044443119,-0.219846310393,0.0;-0.342020143326,0.0,0.939692620786,0.0;0.0,0.0,0.0,1.0;
64
5,0,0;0,5,0;0,0,1;
-0.604022773555,0.766044443119,-0.219846310393,2.0;-0.719846310393,-0.642787609687,-0.262002630229,0.0;-0.342020143326,0.0,0.939692620786,0.0;0.0,0.0,0.0,1.0;
65
5,0,0;0,5,0;0,0,1;
-0.469846310393,0.866025403784,-0.171010071663,2.0;-0.813797681349,-0.5,-0.296198132726,0.0;-0.342020143326,0.0,0.939692620786,0.0;0.0,0.0,0.0,1.0;
66
5,0,0;0,5,0;0,0,1;
-0.469846310393,0.866025403784,-0.171010071663,2.0;-0.813797681349,-0.5,-0.296198132726,0.0;-0.342020143326,0.0,0.939692620786,0.0;0.0,0.0,0.0,1.0;
67
5,0,0;0,5,0;0,0,1;
-0.604022773555,0.766044443119,-0.219846310393,2.0;-0.719846310393,-0.642787609687,-0.262002630229,0.0;-0.342020143326,0.0,0.939692620786,0.0;0.0,0.0,0.0,1.0;
68
5,0,0;0,5,0;0,0,1;
-0.719846310393,0.642787609687,-0.262002630229,2.0;-0.604022773555,-0.766044443119,-0.219846310393,0.0;-0.342020143326,0.0,0.939692620786,0.0;0.0,0.0,0.0,1.0;
69
5,0,0;0,5,0;0,0,1;
-0.813797681349,0.5,-0.296198132726,2.0;-0.469846310393,-0.866025403784,-0.171010071663,0.0;-0.342020143326,0.0,0.939692620786,0.0;0.0,0.0,0.0,1.0;
70
5,0,0;0,5,0;0,0,1;
-0.883022221559,0.342020143326,-0.321393804843,2.0;-0.321393804843,-0.939692620786,-0.116977778441,0.0;-0.342020143326,0.0,0.939692620786,0.0;0.0,0.0,0.0,1.0;
71
5,0,0;0,5,0;0,0,1;
-0.925416578398,0.173648177667,-0.336824088833,2.0;-0.163175911167,-0.984807753012,-0.0593911746139,0.0;-0.342020143326,0.0,0.939692620786,0.0;0.0,0.0,0.0,1.0;
72
5,0,0;0,5,0;0,0,1;
-0.939692620786,-1.22464679915e-16,-0.342020143326,2.0;1.15079156023e-16,-1.0,4.18853873768e-17,0.0;-0.342020143326,0.0,0.939692620786,0.0;0.0,0.0,0.0,1.0;
73
5,0,0;0,5,0;0,0,1;
-0.939692620786,-1.22464679915e-16,-0.342020143326,2.0;1.15079156023e-16,-1.0,4.18853873768e-17,0.0;-0.342020143326,0.0,0.939692620786,0.0;0.0,0.0,0.0,1.0;
74
5,0,0;0,5,0;0,0,1;
-0.925416578398,-0.173648177667,-0.336824088833,2.0;0.163175911167,-0.984807753012,0.0593911746139,0.0;-0.342020143326,0.0,0.939692620786,0.0;0.0,0.0,0.0,1.0;
75
5,0,0;0,5,0;0,0,1;
-0.883022221559,-0.342020143326,-0.321393804843,2.0;0.321393804843,-0.939692620786,0.116977778441,0.0;-0.342020143326,0.0,0.939692620786,0.0;0.0,0.0,0.0,1.0;
76
5,0,0;0,5,0;0,0,1;
-0.813797681349,-0.5,-0.296198132726,2.0;0.469846310393,-0.866025403784,0.171010071663,0.0;-0.342020143326,0.0,0.939692620786,0.0;0.0,0.0,0.0,1.0;
77
5,0,0;0,5,0;0,0,1;
-0.719846310393,-0.642787609687,-0.262002630229,2.0;0.604022773555,-0.766044443119,0.219846310393,0.0;-0.342020143326,0.0,0.939692620786,0.0;0.0,0.0,0.0,1.0;
78
5,0,0;0,5,0;0,0,1;
-0.604022773555,-0.766044443119,-0.219846310393,2.0;0.719846310393,-0.642787609687,0.262002630229,0.0;-0.342020143326,0.0,0.939692620786,0.0;0.0,0.0,0.0,1.0;
79
5,0,0;0,5,0;0,0,1;
-0.469846310393,-0.866025403784,-0.171010071663,2.0;0.813797681349,-0.5,0.296198132726,0.0;-0.342020143326,0.0,0.939692620786,0.0;0.0,0.0,0.0,1.0;
80
5,0,0;0,5,0;0,0,1;
-0.469846310393,-0.866025403784,-0.171010071663,2.0;0.813797681349,-0.5,0.296198132726,0.0;-0.342020143326,0.0,0.939692620786,0.0;0.0,0.0,0.0,1.0;
81
5,0,0;0,5,0;0,0,1;
-0.604022773555,-0.766044443119,-0.219846310393,2.0;0.719846310393,-0.642787609687,0.262002630229,0.0;-0.342020143326,0.0,0.939692620786,0.0;0.0,0.0,0.0,1.0;
82
5,0,0;0,5,0;0,0,1;
-0.719846310393,-0.642787609687,-0.262002630229,2.0;0.604022773555,-0.766044443119,0.219846310393,0.0;-0.342020143326,0.0,0.939692620786,0.0;0.0,0.0,0.0,1.0;
83
5,0,0;0,5,0;0,0,1;
-0.813797681349,-0.5,-0.296198132726,2.0;0.469846310393,-0.866025403784,0.171010071663,0.0;-0.342020143326,0.0,0.939692620786,0.0;0.0,0.0,0.0,1.0;
84
5,0,0;0,5,0;0,0,1;
-0.883022221559,-0.342020143326,-0.321393804843,2.0;0.321393804843,-0.939692620786,0.116977778441,0.0;-0.342020143326,0.0,0.939692620786,0.0;0.0,0.0,0.0,1.0;
85
5,0,0;0,5,0;0,0,1;
-0.925416578398,-0.173648177667,-0.336824088833,2.0;0.163175911167,-0.984807753012,0.0593911746139,0.0;-0.342020143326,0.0,0.939692620786,0.0;0.0,0.0,0.0,1.0;
86
5,0,0;0,5,0;0,0,1;
-0.939692620786,-1.22464679915e-16,-0.342020143326,2.0;1.15079156023e-16,-1.0,4.18853873768e-17,0.0;-0.342020143326,0.0,0.939692620786,0.0;0.0,0.0,0.0,1.0;
87
5,0,0;0,5,0;0,0,1;
0.939692620786,0.0,0.342020143326,2.0;0.0,1.0,0.0,0.0;-0.342020143326,0.0,0.939692620786,0.0;0.0,0.0,0.0,1.0;
88
5,0,0;0,5,0;0,0,1;
0.961261695938,0.0,0.275637355817,2.0;0.0,1.0,0.0,0.0;-0.275637355817,0.0,0.961261695938,0.0;0.0,0.0,0.0,1.0;
89
5,0,0;0,5,0;0,0,1;
0.978147600734,0.0,0.207911690818,2.0;0.0,1.0,0.0,0.0;-0.207911690818,0.0,0.978147600734,0.0;0.0,0.0,0.0,1.0;
90
5,0,0;0,5,0;0,0,1;
0.990268068742,0.0,0.13917310096,2.0;0.0,1.0,0.0,0.0;-0.13917310096,0.0,0.990268068742,0.0;0.0,0.0,0.0,1.0;
91
5,0,0;0,5,0;0,0,1;
0.99756405026,0.0,0.0697564737441,2.0;0.0,1.0,0.0,0.0;-0.0697564737441,0.0,0.99756405026,0.0;0.0,0.0,0.0,1.0;
92
5,0,0;0,5,0;0,0,1;
1.0,0.0,0.0,2.0;0.0,1.0,0.0,0.0;0.0,0.0,1.0,0.0;0.0,0.0,0.0,1.0;
93
5,0,0;0,5,0;0,0,1;
1.0,0.0,0.0,2.0;0.0,1.0,0.0,0.0;0.0,0.0,1.0,0.0;0.0,0.0,0.0,1.0;
94
5,0,0;0,5,0;0,0,1;
0.99756405026,0.0,0.0697564737441,2.0;0.0,1.0,0.0,0.0;-0.0697564737441,0.0,0.99756405026,0.0;0.0,0.0,0.0,1.0;
95
5,0,0;0,5,0;0,0,1;
0.990268068742,0.0,0.13917310096,2.0;0.0,1.0,0.0,0.0;-0.13917310096,0.0,0.990268068742,0.0;0.0,0.0,0.0,1.0;
96
5,0,0;0,5,0;0,0,1;
0.978147600734,0.0,0.207911690818,2.0;0.0,1.0,0.0,0.0;-0.207911690818,0.0,0.978147600734,0.0;0.0,0.0,0.0,1.0;
97
5,0,0;0,5,0;0,0,1;
0.961261695938,0.0,0.275637355817,2.0;0.0,1.0,0.0,0.0;-0.275637355817,0.0,0.961261695938,0.0;0.0,0.0,0.0,1.0;
98
5,0,0;0,5,0;0,0,1;
0.939692620786,0.0,0.342020143326,2.0;0.0,1.0,0.0,0.0;-0.342020143326,0.0,0.939692620786,0.0;0.0,0.0,0.0,1.0;
99
5,0,0;0,5,0;0,0,1;
0.882947592859,0.0,0.469471562786,2.0;0.0,1.0,0.0,0.0;-0.469471562786,0.0,0.882947592859,0.0;0.0,0.0,0.0,1.0;
100
5,0,0;0,5,0;0,0,1;
0.848048096156,0.0,0.529919264233,2.0;0.0,1.0,0.0,0.0;-0.529919264233,0.0,0.848048096156,0.0;0.0,0.0,0.0,1.0;
101
5,0,0;0,5,0;0,0,1;
0.809016994375,0.0,0.587785252292,2.0;0.0,1.0,0.0,0.0;-0.587785252292,0.0,0.809016994375,0.0;0.0,0.0,0.0,1.0;
102
5,0,0;0,5,0;0,0,1;
0.848048096156,0.0,0.529919264233,2.0;0.0,1.0,0.0,0.0;-0.529919264233,0.0,0.848048096156,0.0;0.0,0.0,0.0,1.0;
103
5,0,0;0,5,0;0,0,1;
0.809016994375,0.0,0.587785252292,2.0;0.0,1.0,0.0,0.0;-0.587785252292,0.0,0.809016994375,0.0;0.0,0.0,0.0,1.0;
104
5,0,0;0,5,0;0,0,1;
0.984807753012,0.0,0.173648177667,3.0;0.0,1.0,0.0,2.0;-0.173648177667,0.0,0.984807753012,0.0;0.0,0.0,0.0,1.0;
105
5,0,0;0,5,0;0,0,1;
0.984807753012,0.0,0.173648177667,2.0;0.0,1.0,0.0,2.0;-0.173648177667,0.0,0.984807753012,0.0;0.0,0.0,0.0,1.0;
106
5,0,0;0,5,0;0,0,1;
0.984807753012,0.0,0.173648177667,0.0;0.0,1.0,0.0,2.0;-0.173648177667,0.0,0.984807753012,0.0;0.0,0.0,0.0,1.0;
107
5,0,0;0,5,0;0,0,1;
0.984807753012,0.0,0.173648177667,-2.0;0.0,1.0,0.0,2.0;-0.173648177667,0.0,0.984807753012,0.0;0.0,0.0,0.0,1.0;
108
5,0,0;0,5,0;0,0,1;
0.984807753012,0.0,0.173648177667,-4.0;0.0,1.0,0.0,2.0;-0.173648177667,0.0,0.984807753012,0.0;0.0,0.0,0.0,1.0;
109
5,0,0;0,5,0;0,0,1;
1.0,0.0,0.0,-4.0;0.0,1.0,0.0,2.0;0.0,0.0,1.0,0.0;0.0,0.0,0.0,1.0;
110
5,0,0;0,5,0;0,0,1;
1.0,0.0,0.0,-4.0;0.0,1.0,0.0,2.0;0.0,0.0,1.0,0.0;0.0,0.0,0.0,1.0;
111
5,0,0;0,5,0;0,0,1;
1.0,0.0,0.0,-4.0;0.0,1.0,0.0,0.0;0.0,0.0,1.0,0.0;0.0,0.0,0.0,1.0;
112
5,0,0;0,5,0;0,0,1;
1.0,0.0,0.0,-4.0;0.0,1.0,0.0,2.0;0.0,0.0,1.0,0.0;0.0,0.0,0.0,1.0;
113
5,0,0;0,5,0;0,0,1;
1.0,0.0,0.0,-4.0;0.0,1.0,0.0,2.0;0.0,0.0,1.0,0.0;0.0,0.0,0.0,1.0;
114
5,0,0;0,5,0;0,0,1;
0.984807753012,0.0,0.173648177667,-4.0;0.0,1.0,0.0,2.0;-0.173648177667,0.0,0.984807753012,0.0;0.0,0.0,0.0,1.0;
115
5,0,0;0,5,0;0,0,1;
0.984807753012,0.0,0.173648177667,-2.0;0.0,1.0,0.0,2.0;-0.173648177667,0.0,0.984807753012,0.0;0.0,0.0,0.0,1.0;
116
5,0,0;0,5,0;0,0,1;
0.984807753012,0.0,0.173648177667,0.0;0.0,1.0,0.0,2.0;-0.173648177667,0.0,0.984807753012,0.0;0.0,0.0,0.0,1.0;
117
5,0,0;0,5,0;0,0,1;
0.984807753012,0.0,0.173648177667,2.0;0.0,1.0,0.0,2.0;-0.173648177667,0.0,0.984807753012,0.0;0.0,0.0,0.0,1.0;
118
5,0,0;0,5,0;0,0,1;
0.984807753012,0.0,0.173648177667,3.0;0.0,1.0,0.0,2.0;-0.173648177667,0.0,0.984807753012,0.0;0.0,0.0,0.0,1.0;
119
5,0,0;0,5,0;0,0,1;
1.0,0.0,0.0,2.0;0.0,1.0,0.0,0.0;0.0,0.0,1.0,0.0;0.0,0.0,0.0,1.0;
120
5,0,0;0,5,0;0,0,1;
0.939692620786,0.0,0.342020143326,2.0;0.0,1.0,0.0,0.0;-0.342020143326,0.0,0.939692620786,0.0;0.0,0.0,0.0,1.0;
121
5,0,0;0,5,0;0,0,1;
0.925416578398,-0.173648177667,0.336824088833,2.0;0.163175911167,0.984807753012,0.0593911746139,0.0;-0.342020143326,0.0,0.939692620786,0.0;0.0,0.0,0.0,1.0;
122
5,0,0;0,5,0;0,0,1;
0.883022221559,-0.342020143326,0.321393804843,2.0;0.321393804843,0.939692620786,0.116977778441,0.0;-0.342020143326,0.0,0.939692620786,0.0;0.0,0.0,0.0,1.0;
123
5,0,0;0,5,0;0,0,1;
0.813797681349,-0.5,0.296198132726,2.0;0.469846310393,0.866025403784,0.171010071663,0.0;-0.342020143326,0.0,0.939692620786,0.0;0.0,0.0,0.0,1.0;
124
5,0,0;0,5,0;0,0,1;
0.719846310393,-0.642787609687,0.262002630229,2.0;0.604022773555,0.766044443119,0.219846310393,0.0;-0.342020143326,0.0,0.939692620786,0.0;0.0,0.0,0.0,1.0;
125
5,0,0;0,5,0;0,0,1;
0.604022773555,-0.766044443119,0.219846310393,2.0;0.719846310393,0.642787609687,0.262002630229,0.0;-0.342020143326,0.0,0.939692620786,0.0;0.0,0.0,0.0,1.0;
126
5,0,0;0,5,0;0,0,1;
0.469846310393,-0.866025403784,0.171010071663,2.0;0.813797681349,0.5,0.296198132726,0.0;-0.342020143326,0.0,0.939692620786,0.0;0.0,0.0,0.0,1.0;
127
5,0,0;0,5,0;0,0,1;
0.321393804843,-0.939692620786,0.116977778441,2.0;0.883022221559,0.342020143326,0.321393804843,0.0;-0.342020143326,0.0,0.939692620786,0.0;0.0,0.0,0.0,1.0;
128
5,0,0;0,5,0;0,0,1;
0.163175911167,-0.984807753012,0.0593911746139,2.0;0.925416578398,0.173648177667,0.336824088833,0.0;-0.342020143326,0.0,0.939692620786,0.0;0.0,0.0,0.0,1.0;
129
5,0,0;0,5,0;0,0,1;
5.75395780114e-17,-1.0,2.09426936884e-17,2.0;0.939692620786,6.12323399574e-17,0.342020143326,0.0;-0.342020143326,0.0,0.939692620786,0.0;0.0,0.0,0.0,1.0;
130
5,0,0;0,5,0;0,0,1;
-0.163175911167,-0.984807753012,-0.0593911746139,2.0;0.925416578398,-0.173648177667,0.336824088833,0.0;-0.342020143326,0.0,0.939692620786,0.0;0.0,0.0,0.0,1.0;
131
5,0,0;0,5,0;0,0,1;
-0.321393804843,-0.939692620786,-0.116977778441,2.0;0.883022221559,-0.342020143326,0.321393804843,0.0;-0.342020143326,0.0,0.939692620786,0.0;0.0,0.0,0.0,1.0;
132
5,0,0;0,5,0;0,0,1;
-0.469846310393,-0.866025403784,-0.171010071663,2.0;0.813797681349,-0.5,0.296198132726,0.0;-0.342020143326,0.0,0.939692620786,0.0;0.0,0.0,0.0,1.0;
133
5,0,0;0,5,0;0,0,1;
-0.604022773555,-0.766044443119,-0.219846310393,2.0;0.719846310393,-0.642787609687,0.262002630229,0.0;-0.342020143326,0.0,0.939692620786,0.0;0.0,0.0,0.0,1.0;
134
5,0,0;0,5,0;0,0,1;
-0.719846310393,-0.642787609687,-0.262002630229,2.0;0.604022773555,-0.766044443119,0.219846310393,0.0;-0.342020143326,0.0,0.939692620786,0.0;0.0,0.0,0.0,1.0;
135
5,0,0;0,5,0;0,0,1;
-0.813797681349,-0.5,-0.296198132726,2.0;0.469846310393,-0.866025403784,0.171010071663,0.0;-0.342020143326,0.0,0.939692620786,0.0;0.0,0.0,0.0,1.0;
136
5,0,0;0,5,0;0,0,1;
-0.883022221559,-0.342020143326,-0.321393804843,2.0;0.321393804843,-0.939692620786,0.116977778441,0.0;-0.342020143326,0.0,0.939692620786,0.0;0.0,0.0,0.0,1.0;
137
5,0,0;0,5,0;0,0,1;
-0.925416578398,-0.173648177667,-0.336824088833,2.0;0.163175911167,-0.984807753012,0.0593911746139,0.0;-0.342020143326,0.0,0.939692620786,0.0;0.0,0.0,0.0,1.0;
138
5,0,0;0,5,0;0,0,1;
-0.939692620786,-1.22464679915e-16,-0.342020143326,2.0;1.15079156023e-16,-1.0,4.18853873768e-17,0.0;-0.342020143326,0.0,0.939692620786,0.0;0.0,0.0,0.0,1.0;
139
5,0,0;0,5,0;0,0,1;
-0.939692620786,-1.22464679915e-16,-0.342020143326,2.0;1.15079156023e-16,-1.0,4.18853873768e-17,0.0;-0.342020143326,0.0,0.939692620786,0.0;0.0,0.0,0.0,1.0;
140
5,0,0;0,5,0;0,0,1;
-0.925416578398,0.173648177667,-0.336824088833,2.0;-0.163175911167,-0.984807753012,-0.0593911746139,0.0;-0.342020143326,0.0,0.939692620786,0.0;0.0,0.0,0.0,1.0;
141
5,0,0;0,5,0;0,0,1;
-0.883022221559,0.342020143326,-0.321393804843,2.0;-0.321393804843,-0.939692620786,-0.116977778441,0.0;-0.342020143326,0.0,0.939692620786,0.0;0.0,0.0,0.0,1.0;
142
5,0,0;0,5,0;0,0,1;
-0.813797681349,0.5,-0.296198132726,2.0;-0.469846310393,-0.866025403784,-0.171010071663,0.0;-0.342020143326,0.0,0.939692620786,0.0;0.0,0.0,0.0,1.0;
143
5,0,0;0,5,0;0,0,1;
-0.719846310393,0.642787609687,-0.262002630229,2.0;-0.604022773555,-0.766044443119,-0.219846310393,0.0;-0.342020143326,0.0,0.939692620786,0.0;0.0,0.0,0.0,1.0;
144
5,0,0;0,5,0;0,0,1;
-0.604022773555,0.766044443119,-0.219846310393,2.0;-0.719846310393,-0.642787609687,-0.262002630229,0.0;-0.342020143326,0.0,0.939692620786,0.0;0.0,0.0,0.0,1.0;
145
5,0,0;0,5,0;0,0,1;
-0.469846310393,0.866025403784,-0.171010071663,2.0;-0.813797681349,-0.5,-0.296198132726,0.0;-0.342020143326,0.0,0.939692620786,0.0;0.0,0.0,0.0,1.0;
146
5,0,0;0,5,0;0,0,1;
-0.469846310393,0.866025403784,-0.171010071663,0.0;-0.813797681349,-0.5,-0.296198132726,0.0;-0.342020143326,0.0,0.939692620786,0.0;0.0,0.0,0.0,1.0;
147
5,0,0;0,5,0;0,0,1;
-0.321393804843,0.939692620786,-0.116977778441,0.0;-0.883022221559,-0.342020143326,-0.321393804843,0.0;-0.342020143326,0.0,0.939692620786,0.0;0.0,0.0,0.0,1.0;
148
5,0,0;0,5,0;0,0,1;
-0.163175911167,0.984807753012,-0.0593911746139,0.0;-0.925416578398,-0.173648177667,-0.336824088833,0.0;-0.342020143326,0.0,0.939692620786,0.0;0.0,0.0,0.0,1.0;
149
5,0,0;0,5,0;0,0,1;
-1.72618734034e-16,1.0,-6.28280810652e-17,0.0;-0.939692620786,-1.83697019872e-16,-0.342020143326,0.0;-0.342020143326,0.0,0.939692620786,0.0;0.0,0.0,0.0,1.0;
150
5,0,0;0,5,0;0,0,1;
-1.72618734034e-16,0.984807753012,-0.173648177667,0.0;-0.939692620786,-0.0593911746139,-0.336824088833,0.0;-0.342020143326,0.163175911167,0.925416578398,0.0;0.0,0.0,0.0,1.0;
151
5,0,0;0,5,0;0,0,1;
-1.72618734034e-16,0.984807753012,0.173648177667,0.0;-0.939692620786,0.0593911746139,-0.336824088833,0.0;-0.342020143326,-0.163175911167,0.925416578398,0.0;0.0,0.0,0.0,1.0;
152
5,0,0;0,5,0;0,0,1;
-1.80906249375e-16,0.984807753012,0.173648177667,0.0;-0.984807753012,0.030153689607,-0.171010071663,0.0;-0.173648177667,-0.171010071663,0.969846310393,0.0;0.0,0.0,0.0,1.0;
153
5,0,0;0,5,0;0,0,1;
-1.83697019872e-16,0.984807753012,0.173648177667,0.0;-1.0,-1.80906249375e-16,-3.18986527436e-17,0.0;0.0,-0.173648177667,0.984807753012,0.0;0.0,0.0,0.0,1.0;
154
5,0,0;0,5,0;0,0,1;
0.173648177667,0.969846310393,0.171010071663,0.0;-0.984807753012,0.171010071663,0.030153689607,0.0;0.0,-0.173648177667,0.984807753012,0.0;0.0,0.0,0.0,1.0;
155
5,0,0;0,5,0;0,0,1;
0.173648177667,0.969846310393,0.171010071663,0.0;-0.984807753012,0.171010071663,0.030153689607,0.0;0.0,-0.173648177667,0.984807753012,0.0;0.0,0.0,0.0,1.0;
