1
5,0,0;0,5,0;0,0,1;
0.939692620786,0.0,0.342020143326,2.0;0.0,1.0,0.0,0.0;-0.342020143326,0.0,0.939692620786,0.0;0.0,0.0,0.0,1.0;
2
5,0,0;0,5,0;0,0,1;
0.848048096156,0.0,0.529919264233,2.0;0.0,1.0,0.0,0.0;-0.529919264233,0.0,0.848048096156,0.0;0.0,0.0,0.0,1.0;
3
5,0,0;0,5,0;0,0,1;
0.883022221559,-0.342020143326,0.321393804843,2.0;0.321393804843,0.939692620786,0.116977778441,0.0;-0.342020143326,0.0,0.939692620786,0.0;0.0,0.0,0.0,1.0;

